{
	"asset": {
		"generator": "SOLIDWORKSGLTF",
		"version" : "2.0"
	},
"extensionsUsed": [ "KHR_lights_punctual", "Solidworks_custom_properties", "KHR_draco_mesh_compression"],
"extensionsRequired": [ "KHR_draco_mesh_compression" ],
	"scene" : 0,
	"scenes": [
		{
			"name": "default - Display State-1",
			"nodes": [
				0, 1]
		}
	],
	"nodes": [
		{
			"matrix": [
				0.323952,					0.0557035,					-0.944432,					0,
				-0.306957,					0.950449,					-0.0492317,					0,
				0.894892,					0.305849,					0.324999,					0,
				25.349,					9.12264,					8.71361,					1
			]
			,"camera": 0
			,"name": "current"		}
,
		{
			"children": [
				2, 3, 4, 5, 6, 7, 8, 9, 19, 20, 21, 22, 23, 24, 25, 26, 27, 28, 29, 30, 31, 41, 42, 43, 44, 45, 46, 56, 57, 58, 68, 78, 79, 80, 81, 91, 101, 111, 112, 122, 132, 142, 152, 153, 154, 155, 156, 157, 158, 159, 160, 161, 162, 163, 164, 165, 166, 167, 168, 169, 170, 171, 172, 173, 174, 175, 176, 177, 178, 179
			]
			,"name": "MOLD RACK"		}
,
		{
			"matrix": [
				1,					0,					0,					0,
				0,					1,					0,					0,
				0,					0,					1,					0,
				-0.4251,					0.0255047,					-0.1195,					1
			]
			,"mesh": 0
			,"name": "FRAME DRAWER-1"		}
,
		{
			"matrix": [
				1.11022e-16,					-5.80092e-15,					-1,					0,
				0.922455,					0.386106,					-2.13735e-15,					0,
				0.386106,					-0.922455,					5.39395e-15,					0,
				-0.4166,					0.0285047,					-0.0585,					1
			]
			,"mesh": 1
			,"name": "angular contact ball bearing_68_din-2"		}
,
		{
			"matrix": [
				5.17512e-17,					6.63776e-15,					-1,					0,
				-1.73987e-16,					1,					6.63776e-15,					0,
				1,					1.73987e-16,					5.17512e-17,					0,
				-0.5414,					0.0255047,					-2.7485,					1
			]
			,"mesh": 2
			,"name": "PISTON HOLDER-1"		}
,
		{
			"matrix": [
				2.78334e-16,					-4.82716e-15,					-1,					0,
				-2.15544e-16,					1,					-4.82669e-15,					0,
				1,					1.65237e-16,					3.12567e-16,					0,
				-8.10799e-15,					1.0717,					-2.75,					1
			]
			,"mesh": 3
			,"name": "PANEL ATAS-1"		}
,
		{
			"matrix": [
				5.17512e-17,					7.63696e-15,					-1,					0,
				-1.73987e-16,					1,					7.63696e-15,					0,
				1,					1.73987e-16,					5.17512e-17,					0,
				-0.5364,					-0.0624953,					-0.55,					1
			]
			,"mesh": 4
			,"name": "PISTON HOUSING-1"		}
,
		{
			"matrix": [
				1,					-2.81865e-15,					-2.77319e-12,					0,
				2.81865e-15,					1,					3.65711e-29,					0,
				2.77319e-12,					-3.65711e-29,					1,					0,
				-0.495,					1.0337,					-0.083,					1
			]
			,"mesh": 5
			,"name": "FRAME-1"		}
,
		{
			"mesh": 6
			,"name": "4940T133_Heavy Duty Pallet Rack-1"		}
,
		{
			"children": [
				10, 11, 12, 13, 14, 15, 16, 17, 18
			]
			,"matrix": [
				1.56277e-16,					1.86656e-15,					-1,					0,
				-5.55112e-17,					1,					1.86656e-15,					0,
				1,					5.55112e-17,					1.56277e-16,					0,
				-0.5324,					-0.0044953,					-3.2269,					1
			]
			,"name": "ASSY RAIL-1"		}
,
		{
			"mesh": 7
			,"name": "RAIL 1-1"		}
,
		{
			"matrix": [
				1.56277e-16,					-5.55112e-17,					1,					0,
				1.86656e-15,					1,					5.55112e-17,					0,
				-1,					1.86656e-15,					1.56277e-16,					0,
				1.02141e-14,					-0.047,					1.0258,					1
			]
			,"mesh": 8
			,"name": "hex nut gradec_iso-1"		}
,
		{
			"matrix": [
				1,					0,					0,					0,
				0,					1,					0,					0,
				0,					0,					1,					0,
				-0.0365,					-0.047,					1.0258,					1
			]
			,"mesh": 9
			,"name": "hex structural bolt gradec short_iso-4"		}
,
		{
			"matrix": [
				1,					3.61719e-15,					-2.14104e-16,					0,
				-2.57951e-15,					0.752134,					0.65901,					0,
				2.5448e-15,					-0.65901,					0.752134,					0,
				-0.0145,					-0.047,					1.0258,					1
			]
			,"mesh": 10
			,"name": "radial ball bearing_68_iso-2"		}
,
		{
			"matrix": [
				1,					0,					0,					0,
				0,					1,					0,					0,
				0,					0,					1,					0,
				0,					0.006,					0.003,					1
			]
			,"mesh": 11
			,"name": "RAIL 2-1"		}
,
		{
			"matrix": [
				1.56277e-16,					-5.55112e-17,					1,					0,
				1.86656e-15,					1,					5.55112e-17,					0,
				-1,					1.86656e-15,					1.56277e-16,					0,
				-0.002,					-0.047,					1.0258,					1
			]
			,"mesh": 12
			,"name": "RAIL 4-1"		}
,
		{
			"matrix": [
				1,					3.71898e-15,					-2.82188e-16,					0,
				-1.49284e-15,					0.468448,					0.883491,					0,
				3.41788e-15,					-0.883491,					0.468448,					0,
				-0.002,					-0.047,					1.0258,					1
			]
			,"mesh": 13
			,"name": "plain washer normal grade c_iso-1"		}
,
		{
			"matrix": [
				1,					-6.28692e-17,					-1.46021e-16,					0,
				-6.28692e-17,					-1,					-5.55112e-17,					0,
				-1.46021e-16,					5.55112e-17,					-1,					0,
				0,					0.002,					1.0618,					1
			]
			,"mesh": 14
			,"name": "RAIL 2-2"		}
,
		{
			"matrix": [
				-4.64906e-16,					-1,					8.62288e-16,					0,
				1,					-4.64906e-16,					-1.02633e-15,					0,
				1.02633e-15,					8.62288e-16,					1,					0,
				0.017,					-0.046,					1.0598,					1
			]
			,"mesh": 15
			,"name": "RAIL 3-1"		}
,
		{
			"matrix": [
				-1.62468e-18,					-2.79803e-15,					-1,					0,
				2.77556e-17,					1,					-2.80583e-15,					0,
				1,					-1.11022e-16,					-5.14317e-18,					0,
				0.0334,					0.0635047,					-0.55,					1
			]
			,"mesh": 16
			,"name": "DRAWER-1"		}
,
		{
			"matrix": [
				1.68158e-16,					-1.62565e-16,					1,					0,
				0.220057,					0.975487,					1.21575e-16,					0,
				-0.975487,					0.220057,					1.9981e-16,					0,
				-0.4166,					0.0285047,					-1.0415,					1
			]
			,"mesh": 17
			,"name": "angular contact ball bearing_68_din-1"		}
,
		{
			"matrix": [
				-3.55957e-15,					-2.81719e-15,					-1,					0,
				-1.01795e-16,					1,					-2.81719e-15,					0,
				1,					1.01795e-16,					-3.55957e-15,					0,
				-0.3626,					-0.0624953,					-0.55,					1
			]
			,"mesh": 18
			,"name": "PISTON SHAFT-1"		}
,
		{
			"matrix": [
				1,					0,					0,					0,
				0,					1,					0,					0,
				0,					0,					1,					0,
				0.5084,					-0.0444953,					-0.554,					1
			]
			,"mesh": 19
			,"name": "BRACKET-1"		}
,
		{
			"matrix": [
				-2.77316e-12,					-1.05682e-13,					-1,					0,
				-2.15544e-16,					1,					-1.05682e-13,					0,
				1,					1.65237e-16,					-2.77313e-12,					0,
				-1.06029e-10,					1.0717,					-1.65,					1
			]
			,"mesh": 20
			,"name": "PANEL ATAS-2"		}
,
		{
			"matrix": [
				1,					0,					0,					0,
				0,					1,					0,					0,
				0,					0,					1,					0,
				3.16199e-14,					6.07706e-14,					-3.3,					1
			]
			,"mesh": 21
			,"name": "4940T133_Heavy Duty Pallet Rack-4"		}
,
		{
			"matrix": [
				1,					0,					0,					0,
				0,					1,					0,					0,
				0,					0,					1,					0,
				0,					0,					-1.1,					1
			]
			,"mesh": 22
			,"name": "4940T133_Heavy Duty Pallet Rack-2"		}
,
		{
			"matrix": [
				1,					0,					0,					0,
				0,					1,					0,					0,
				0,					0,					1,					0,
				2.86413e-12,					-2.16761e-13,					-2.2,					1
			]
			,"mesh": 23
			,"name": "4940T133_Heavy Duty Pallet Rack-3"		}
,
		{
			"matrix": [
				-2.77316e-12,					-1.05682e-13,					-1,					0,
				-9.04545e-17,					1,					-1.05682e-13,					0,
				1,					4.01475e-17,					-2.77313e-12,					0,
				1.2358e-10,					1.0717,					-0.55,					1
			]
			,"mesh": 24
			,"name": "PANEL ATAS-3"		}
,
		{
			"matrix": [
				1,					0,					0,					0,
				0,					1,					0,					0,
				0,					0,					1,					0,
				-0.4251,					-0.888895,					-2.3195,					1
			]
			,"mesh": 25
			,"name": "FRAME DRAWER-6"		}
,
		{
			"matrix": [
				-1.62468e-18,					-2.79803e-15,					-1,					0,
				2.77556e-17,					1,					-2.80583e-15,					0,
				1,					-1.11022e-16,					-5.14317e-18,					0,
				0.0334,					-0.850895,					-2.75,					1
			]
			,"mesh": 26
			,"name": "DRAWER-6"		}
,
		{
			"matrix": [
				1,					0,					0,					0,
				0,					1,					0,					0,
				0,					0,					1,					0,
				-0.4251,					-0.888895,					-1.2195,					1
			]
			,"mesh": 27
			,"name": "FRAME DRAWER-4"		}
,
		{
			"children": [
				32, 33, 34, 35, 36, 37, 38, 39, 40
			]
			,"matrix": [
				1.56277e-16,					1.86656e-15,					-1,					0,
				-5.55112e-17,					1,					1.86656e-15,					0,
				1,					5.55112e-17,					1.56277e-16,					0,
				-0.5324,					-0.0044953,					-1.0269,					1
			]
			,"name": "ASSY RAIL-7"		}
,
		{
			"mesh": 28
			,"name": "RAIL 1-1"		}
,
		{
			"matrix": [
				1.56277e-16,					-5.55112e-17,					1,					0,
				1.86656e-15,					1,					5.55112e-17,					0,
				-1,					1.86656e-15,					1.56277e-16,					0,
				1.02141e-14,					-0.047,					1.0258,					1
			]
			,"mesh": 29
			,"name": "hex nut gradec_iso-1"		}
,
		{
			"matrix": [
				1,					0,					0,					0,
				0,					1,					0,					0,
				0,					0,					1,					0,
				-0.0365,					-0.047,					1.0258,					1
			]
			,"mesh": 30
			,"name": "hex structural bolt gradec short_iso-4"		}
,
		{
			"matrix": [
				1,					3.61719e-15,					-2.14104e-16,					0,
				-2.57951e-15,					0.752134,					0.65901,					0,
				2.5448e-15,					-0.65901,					0.752134,					0,
				-0.0145,					-0.047,					1.0258,					1
			]
			,"mesh": 31
			,"name": "radial ball bearing_68_iso-2"		}
,
		{
			"matrix": [
				1,					0,					0,					0,
				0,					1,					0,					0,
				0,					0,					1,					0,
				0,					0.006,					0.003,					1
			]
			,"mesh": 32
			,"name": "RAIL 2-1"		}
,
		{
			"matrix": [
				1.56277e-16,					-5.55112e-17,					1,					0,
				1.86656e-15,					1,					5.55112e-17,					0,
				-1,					1.86656e-15,					1.56277e-16,					0,
				-0.002,					-0.047,					1.0258,					1
			]
			,"mesh": 33
			,"name": "RAIL 4-1"		}
,
		{
			"matrix": [
				1,					3.71898e-15,					-2.82188e-16,					0,
				-1.49284e-15,					0.468448,					0.883491,					0,
				3.41788e-15,					-0.883491,					0.468448,					0,
				-0.002,					-0.047,					1.0258,					1
			]
			,"mesh": 34
			,"name": "plain washer normal grade c_iso-1"		}
,
		{
			"matrix": [
				1,					-6.28692e-17,					-1.46021e-16,					0,
				-6.28692e-17,					-1,					-5.55112e-17,					0,
				-1.46021e-16,					5.55112e-17,					-1,					0,
				-2.22045e-16,					0.002,					1.0618,					1
			]
			,"mesh": 35
			,"name": "RAIL 2-2"		}
,
		{
			"matrix": [
				-4.64906e-16,					-1,					8.62288e-16,					0,
				1,					-4.64906e-16,					-1.02633e-15,					0,
				1.02633e-15,					8.62288e-16,					1,					0,
				0.017,					-0.046,					1.0598,					1
			]
			,"mesh": 36
			,"name": "RAIL 3-1"		}
,
		{
			"matrix": [
				1,					0,					0,					0,
				0,					1,					0,					0,
				0,					0,					1,					0,
				-0.4251,					-0.888895,					-0.1195,					1
			]
			,"mesh": 37
			,"name": "FRAME DRAWER-2"		}
,
		{
			"matrix": [
				1,					0,					0,					0,
				0,					1,					0,					0,
				0,					0,					1,					0,
				-0.4251,					0.0255047,					-2.3195,					1
			]
			,"mesh": 38
			,"name": "FRAME DRAWER-5"		}
,
		{
			"matrix": [
				-1.62468e-18,					-2.79803e-15,					-1,					0,
				2.77556e-17,					1,					-2.80583e-15,					0,
				1,					-1.11022e-16,					-5.14317e-18,					0,
				0.0334,					-0.850895,					-0.55,					1
			]
			,"mesh": 39
			,"name": "DRAWER-2"		}
,
		{
			"matrix": [
				-1.62468e-18,					-2.79803e-15,					-1,					0,
				2.77556e-17,					1,					-2.80583e-15,					0,
				1,					-1.11022e-16,					-5.14317e-18,					0,
				0.0334,					0.0635047,					-1.65,					1
			]
			,"mesh": 40
			,"name": "DRAWER-3"		}
,
		{
			"matrix": [
				-1.62468e-18,					-2.79803e-15,					-1,					0,
				2.77556e-17,					1,					-2.80583e-15,					0,
				1,					-1.11022e-16,					-5.14317e-18,					0,
				0.0334,					-0.850895,					-1.65,					1
			]
			,"mesh": 41
			,"name": "DRAWER-4"		}
,
		{
			"children": [
				47, 48, 49, 50, 51, 52, 53, 54, 55
			]
			,"matrix": [
				1.56277e-16,					1.86656e-15,					-1,					0,
				-5.55112e-17,					1,					1.86656e-15,					0,
				1,					5.55112e-17,					1.56277e-16,					0,
				-0.5324,					-0.0044953,					-2.1269,					1
			]
			,"name": "ASSY RAIL-6"		}
,
		{
			"mesh": 42
			,"name": "RAIL 1-1"		}
,
		{
			"matrix": [
				1.56277e-16,					-5.55112e-17,					1,					0,
				1.86656e-15,					1,					5.55112e-17,					0,
				-1,					1.86656e-15,					1.56277e-16,					0,
				1.02141e-14,					-0.047,					1.0258,					1
			]
			,"mesh": 43
			,"name": "hex nut gradec_iso-1"		}
,
		{
			"matrix": [
				1,					0,					0,					0,
				0,					1,					0,					0,
				0,					0,					1,					0,
				-0.0365,					-0.047,					1.0258,					1
			]
			,"mesh": 44
			,"name": "hex structural bolt gradec short_iso-4"		}
,
		{
			"matrix": [
				1,					3.61719e-15,					-2.14104e-16,					0,
				-2.57951e-15,					0.752134,					0.65901,					0,
				2.5448e-15,					-0.65901,					0.752134,					0,
				-0.0145,					-0.047,					1.0258,					1
			]
			,"mesh": 45
			,"name": "radial ball bearing_68_iso-2"		}
,
		{
			"matrix": [
				1,					0,					0,					0,
				0,					1,					0,					0,
				0,					0,					1,					0,
				0,					0.006,					0.003,					1
			]
			,"mesh": 46
			,"name": "RAIL 2-1"		}
,
		{
			"matrix": [
				1.56277e-16,					-5.55112e-17,					1,					0,
				1.86656e-15,					1,					5.55112e-17,					0,
				-1,					1.86656e-15,					1.56277e-16,					0,
				-0.002,					-0.047,					1.0258,					1
			]
			,"mesh": 47
			,"name": "RAIL 4-1"		}
,
		{
			"matrix": [
				1,					3.71898e-15,					-2.82188e-16,					0,
				-1.49284e-15,					0.468448,					0.883491,					0,
				3.41788e-15,					-0.883491,					0.468448,					0,
				-0.002,					-0.047,					1.0258,					1
			]
			,"mesh": 48
			,"name": "plain washer normal grade c_iso-1"		}
,
		{
			"matrix": [
				1,					-6.28692e-17,					-1.46021e-16,					0,
				-6.28692e-17,					-1,					-5.55112e-17,					0,
				-1.46021e-16,					5.55112e-17,					-1,					0,
				0,					0.002,					1.0618,					1
			]
			,"mesh": 49
			,"name": "RAIL 2-2"		}
,
		{
			"matrix": [
				-4.64906e-16,					-1,					8.62288e-16,					0,
				1,					-4.64906e-16,					-1.02633e-15,					0,
				1.02633e-15,					8.62288e-16,					1,					0,
				0.017,					-0.046,					1.0598,					1
			]
			,"mesh": 50
			,"name": "RAIL 3-1"		}
,
		{
			"matrix": [
				1,					0,					0,					0,
				0,					1,					0,					0,
				0,					0,					1,					0,
				-0.4251,					0.0255047,					-1.2195,					1
			]
			,"mesh": 51
			,"name": "FRAME DRAWER-3"		}
,
		{
			"matrix": [
				-1.62468e-18,					-2.79803e-15,					-1,					0,
				2.77556e-17,					1,					-2.80583e-15,					0,
				1,					-1.11022e-16,					-5.14317e-18,					0,
				0.0334,					0.0635047,					-2.75,					1
			]
			,"mesh": 52
			,"name": "DRAWER-5"		}
,
		{
			"children": [
				59, 60, 61, 62, 63, 64, 65, 66, 67
			]
			,"matrix": [
				-5.72216e-16,					1.86656e-15,					1,					0,
				-5.55112e-17,					1,					-1.86656e-15,					0,
				-1,					-5.55112e-17,					-5.72216e-16,					0,
				-0.5324,					-0.918895,					-1.1731,					1
			]
			,"name": "MirrorASSY RAIL1-9"		}
,
		{
			"matrix": [
				1,					0,					0,					0,
				0,					1,					0,					0,
				0,					0,					1,					0,
				0,					0.006,					-0.003,					1
			]
			,"mesh": 53
			,"name": "MirrorRAIL 2-1"		}
,
		{
			"matrix": [
				1,					-6.28692e-17,					-1.46021e-16,					0,
				-6.28692e-17,					-1,					-5.55112e-17,					0,
				-1.46021e-16,					5.55112e-17,					-1,					0,
				2.22045e-16,					0.002,					-1.0618,					1
			]
			,"mesh": 54
			,"name": "MirrorRAIL 2-2"		}
,
		{
			"matrix": [
				-5.72216e-16,					-5.55112e-17,					-1,					0,
				1.86656e-15,					1,					-5.55112e-17,					0,
				1,					-1.86656e-15,					-5.72216e-16,					0,
				-0.002,					-0.047,					-1.0258,					1
			]
			,"mesh": 55
			,"name": "MirrorRAIL 4-1"		}
,
		{
			"mesh": 56
			,"name": "MirrorRAIL 1-1"		}
,
		{
			"matrix": [
				-4.64906e-16,					-1,					8.62288e-16,					0,
				1,					-4.64906e-16,					-1.02633e-15,					0,
				1.02633e-15,					8.62288e-16,					1,					0,
				0.017,					-0.046,					-1.0598,					1
			]
			,"mesh": 57
			,"name": "MirrorRAIL 3-1"		}
,
		{
			"matrix": [
				1,					3.71898e-15,					2.82188e-16,					0,
				-1.49284e-15,					0.468448,					-0.883491,					0,
				-3.41788e-15,					0.883491,					0.468448,					0,
				-0.002,					-0.047,					-1.0258,					1
			]
			,"mesh": 58
			,"name": "plain washer normal grade c_iso-1"		}
,
		{
			"matrix": [
				-5.72216e-16,					-5.55112e-17,					-1,					0,
				1.86656e-15,					1,					-5.55112e-17,					0,
				1,					-1.86656e-15,					-5.72216e-16,					0,
				0.019,					-0.047,					-1.0258,					1
			]
			,"mesh": 59
			,"name": "hex nut gradec_iso-1"		}
,
		{
			"matrix": [
				1,					0,					0,					0,
				0,					1,					0,					0,
				0,					0,					1,					0,
				-0.0365,					-0.047,					-1.0258,					1
			]
			,"mesh": 60
			,"name": "hex structural bolt gradec short_iso-1"		}
,
		{
			"matrix": [
				1,					3.61719e-15,					2.14104e-16,					0,
				-2.57951e-15,					0.752134,					-0.65901,					0,
				-2.5448e-15,					0.65901,					0.752134,					0,
				-0.0145,					-0.047,					-1.0258,					1
			]
			,"mesh": 61
			,"name": "radial ball bearing_68_iso-1"		}
,
		{
			"children": [
				69, 70, 71, 72, 73, 74, 75, 76, 77
			]
			,"matrix": [
				1.56277e-16,					1.86656e-15,					-1,					0,
				-5.55112e-17,					1,					1.86656e-15,					0,
				1,					5.55112e-17,					1.56277e-16,					0,
				-0.5324,					-0.918895,					-2.1269,					1
			]
			,"name": "ASSY RAIL-9"		}
,
		{
			"mesh": 62
			,"name": "RAIL 1-1"		}
,
		{
			"matrix": [
				1.56277e-16,					-5.55112e-17,					1,					0,
				1.86656e-15,					1,					5.55112e-17,					0,
				-1,					1.86656e-15,					1.56277e-16,					0,
				1.02141e-14,					-0.047,					1.0258,					1
			]
			,"mesh": 63
			,"name": "hex nut gradec_iso-1"		}
,
		{
			"matrix": [
				1,					0,					0,					0,
				0,					1,					0,					0,
				0,					0,					1,					0,
				-0.0365,					-0.047,					1.0258,					1
			]
			,"mesh": 64
			,"name": "hex structural bolt gradec short_iso-4"		}
,
		{
			"matrix": [
				1,					3.61719e-15,					-2.14104e-16,					0,
				-2.57951e-15,					0.752134,					0.65901,					0,
				2.5448e-15,					-0.65901,					0.752134,					0,
				-0.0145,					-0.047,					1.0258,					1
			]
			,"mesh": 65
			,"name": "radial ball bearing_68_iso-2"		}
,
		{
			"matrix": [
				1,					0,					0,					0,
				0,					1,					0,					0,
				0,					0,					1,					0,
				0,					0.006,					0.003,					1
			]
			,"mesh": 66
			,"name": "RAIL 2-1"		}
,
		{
			"matrix": [
				1.56277e-16,					-5.55112e-17,					1,					0,
				1.86656e-15,					1,					5.55112e-17,					0,
				-1,					1.86656e-15,					1.56277e-16,					0,
				-0.002,					-0.047,					1.0258,					1
			]
			,"mesh": 67
			,"name": "RAIL 4-1"		}
,
		{
			"matrix": [
				1,					3.71898e-15,					-2.82188e-16,					0,
				-1.49284e-15,					0.468448,					0.883491,					0,
				3.41788e-15,					-0.883491,					0.468448,					0,
				-0.002,					-0.047,					1.0258,					1
			]
			,"mesh": 68
			,"name": "plain washer normal grade c_iso-1"		}
,
		{
			"matrix": [
				1,					-6.28692e-17,					-1.46021e-16,					0,
				-6.28692e-17,					-1,					-5.55112e-17,					0,
				-1.46021e-16,					5.55112e-17,					-1,					0,
				0,					0.002,					1.0618,					1
			]
			,"mesh": 69
			,"name": "RAIL 2-2"		}
,
		{
			"matrix": [
				-4.64906e-16,					-1,					8.62288e-16,					0,
				1,					-4.64906e-16,					-1.02633e-15,					0,
				1.02633e-15,					8.62288e-16,					1,					0,
				0.017,					-0.046,					1.0598,					1
			]
			,"mesh": 70
			,"name": "RAIL 3-1"		}
,
		{
			"matrix": [
				1.68158e-16,					-1.62565e-16,					1,					0,
				0.220057,					0.975487,					1.21575e-16,					0,
				-0.975487,					0.220057,					1.9981e-16,					0,
				-0.4166,					-0.885895,					-1.0415,					1
			]
			,"mesh": 71
			,"name": "angular contact ball bearing_68_din-4"		}
,
		{
			"matrix": [
				1.68158e-16,					-1.62565e-16,					1,					0,
				0.220057,					0.975487,					1.21575e-16,					0,
				-0.975487,					0.220057,					1.9981e-16,					0,
				-0.4166,					-0.885895,					-2.1415,					1
			]
			,"mesh": 72
			,"name": "angular contact ball bearing_68_din-6"		}
,
		{
			"matrix": [
				1,					0,					0,					0,
				0,					1,					0,					0,
				0,					0,					1,					0,
				-0.495,					1.0337,					-2.283,					1
			]
			,"mesh": 73
			,"name": "FRAME-3"		}
,
		{
			"children": [
				82, 83, 84, 85, 86, 87, 88, 89, 90
			]
			,"matrix": [
				-5.72216e-16,					1.86656e-15,					1,					0,
				-5.55112e-17,					1,					-1.86656e-15,					0,
				-1,					-5.55112e-17,					-5.72216e-16,					0,
				-0.5324,					-0.918895,					-2.2731,					1
			]
			,"name": "MirrorASSY RAIL2-9"		}
,
		{
			"matrix": [
				1,					3.61719e-15,					2.14104e-16,					0,
				-2.57951e-15,					0.752134,					-0.65901,					0,
				-2.5448e-15,					0.65901,					0.752134,					0,
				-0.0145,					-0.047,					-1.0258,					1
			]
			,"mesh": 74
			,"name": "radial ball bearing_68_iso-1"		}
,
		{
			"matrix": [
				1,					0,					0,					0,
				0,					1,					0,					0,
				0,					0,					1,					0,
				0,					0.006,					-0.003,					1
			]
			,"mesh": 75
			,"name": "MirrorRAIL 2-1"		}
,
		{
			"matrix": [
				1,					0,					0,					0,
				0,					1,					0,					0,
				0,					0,					1,					0,
				-0.0365,					-0.047,					-1.0258,					1
			]
			,"mesh": 76
			,"name": "hex structural bolt gradec short_iso-1"		}
,
		{
			"mesh": 77
			,"name": "MirrorRAIL 1-1"		}
,
		{
			"matrix": [
				-4.64906e-16,					-1,					8.62288e-16,					0,
				1,					-4.64906e-16,					-1.02633e-15,					0,
				1.02633e-15,					8.62288e-16,					1,					0,
				0.017,					-0.046,					-1.0598,					1
			]
			,"mesh": 78
			,"name": "MirrorRAIL 3-1"		}
,
		{
			"matrix": [
				-5.72216e-16,					-5.55112e-17,					-1,					0,
				1.86656e-15,					1,					-5.55112e-17,					0,
				1,					-1.86656e-15,					-5.72216e-16,					0,
				-0.002,					-0.047,					-1.0258,					1
			]
			,"mesh": 79
			,"name": "MirrorRAIL 4-1"		}
,
		{
			"matrix": [
				1,					-6.28692e-17,					-1.46021e-16,					0,
				-6.28692e-17,					-1,					-5.55112e-17,					0,
				-1.46021e-16,					5.55112e-17,					-1,					0,
				0,					0.002,					-1.0618,					1
			]
			,"mesh": 80
			,"name": "MirrorRAIL 2-2"		}
,
		{
			"matrix": [
				1,					3.71898e-15,					2.82188e-16,					0,
				-1.49284e-15,					0.468448,					-0.883491,					0,
				-3.41788e-15,					0.883491,					0.468448,					0,
				-0.002,					-0.047,					-1.0258,					1
			]
			,"mesh": 81
			,"name": "plain washer normal grade c_iso-1"		}
,
		{
			"matrix": [
				-5.72216e-16,					-5.55112e-17,					-1,					0,
				1.86656e-15,					1,					-5.55112e-17,					0,
				1,					-1.86656e-15,					-5.72216e-16,					0,
				0.019,					-0.047,					-1.0258,					1
			]
			,"mesh": 82
			,"name": "hex nut gradec_iso-1"		}
,
		{
			"children": [
				92, 93, 94, 95, 96, 97, 98, 99, 100
			]
			,"matrix": [
				-5.72216e-16,					1.86656e-15,					1,					0,
				-5.55112e-17,					1,					-1.86656e-15,					0,
				-1,					-5.55112e-17,					-5.72216e-16,					0,
				-0.5324,					-0.0044953,					-0.0731,					1
			]
			,"name": "MirrorASSY RAIL-8"		}
,
		{
			"matrix": [
				1,					-6.28692e-17,					-1.46021e-16,					0,
				-6.28692e-17,					-1,					-5.55112e-17,					0,
				-1.46021e-16,					5.55112e-17,					-1,					0,
				3.46945e-16,					0.002,					-1.0618,					1
			]
			,"mesh": 83
			,"name": "MirrorRAIL 2-2"		}
,
		{
			"mesh": 84
			,"name": "MirrorRAIL 1-1"		}
,
		{
			"matrix": [
				1,					3.61719e-15,					2.14104e-16,					0,
				-2.57951e-15,					0.752134,					-0.65901,					0,
				-2.5448e-15,					0.65901,					0.752134,					0,
				-0.0145,					-0.047,					-1.0258,					1
			]
			,"mesh": 85
			,"name": "radial ball bearing_68_iso-1"		}
,
		{
			"matrix": [
				1,					3.71898e-15,					2.82188e-16,					0,
				-1.49284e-15,					0.468448,					-0.883491,					0,
				-3.41788e-15,					0.883491,					0.468448,					0,
				-0.002,					-0.047,					-1.0258,					1
			]
			,"mesh": 86
			,"name": "plain washer normal grade c_iso-1"		}
,
		{
			"matrix": [
				1,					0,					0,					0,
				0,					1,					0,					0,
				0,					0,					1,					0,
				0,					0.006,					-0.003,					1
			]
			,"mesh": 87
			,"name": "MirrorRAIL 2-1"		}
,
		{
			"matrix": [
				-4.64906e-16,					-1,					8.62288e-16,					0,
				1,					-4.64906e-16,					-1.02633e-15,					0,
				1.02633e-15,					8.62288e-16,					1,					0,
				0.017,					-0.046,					-1.0598,					1
			]
			,"mesh": 88
			,"name": "MirrorRAIL 3-1"		}
,
		{
			"matrix": [
				-5.72216e-16,					-5.55112e-17,					-1,					0,
				1.86656e-15,					1,					-5.55112e-17,					0,
				1,					-1.86656e-15,					-5.72216e-16,					0,
				-0.002,					-0.047,					-1.0258,					1
			]
			,"mesh": 89
			,"name": "MirrorRAIL 4-1"		}
,
		{
			"matrix": [
				1,					0,					0,					0,
				0,					1,					0,					0,
				0,					0,					1,					0,
				-0.0365,					-0.047,					-1.0258,					1
			]
			,"mesh": 90
			,"name": "hex structural bolt gradec short_iso-1"		}
,
		{
			"matrix": [
				-5.72216e-16,					-5.55112e-17,					-1,					0,
				1.86656e-15,					1,					-5.55112e-17,					0,
				1,					-1.86656e-15,					-5.72216e-16,					0,
				0.019,					-0.047,					-1.0258,					1
			]
			,"mesh": 91
			,"name": "hex nut gradec_iso-1"		}
,
		{
			"children": [
				102, 103, 104, 105, 106, 107, 108, 109, 110
			]
			,"matrix": [
				-5.72216e-16,					1.86656e-15,					1,					0,
				-5.55112e-17,					1,					-1.86656e-15,					0,
				-1,					-5.55112e-17,					-5.72216e-16,					0,
				-0.5324,					-0.918895,					-0.0731,					1
			]
			,"name": "MirrorASSY RAIL-9"		}
,
		{
			"matrix": [
				1,					-6.28692e-17,					-1.46021e-16,					0,
				-6.28692e-17,					-1,					-5.55112e-17,					0,
				-1.46021e-16,					5.55112e-17,					-1,					0,
				3.46945e-16,					0.002,					-1.0618,					1
			]
			,"mesh": 92
			,"name": "MirrorRAIL 2-2"		}
,
		{
			"mesh": 93
			,"name": "MirrorRAIL 1-1"		}
,
		{
			"matrix": [
				1,					3.61719e-15,					2.14104e-16,					0,
				-2.57951e-15,					0.752134,					-0.65901,					0,
				-2.5448e-15,					0.65901,					0.752134,					0,
				-0.0145,					-0.047,					-1.0258,					1
			]
			,"mesh": 94
			,"name": "radial ball bearing_68_iso-1"		}
,
		{
			"matrix": [
				1,					3.71898e-15,					2.82188e-16,					0,
				-1.49284e-15,					0.468448,					-0.883491,					0,
				-3.41788e-15,					0.883491,					0.468448,					0,
				-0.002,					-0.047,					-1.0258,					1
			]
			,"mesh": 95
			,"name": "plain washer normal grade c_iso-1"		}
,
		{
			"matrix": [
				1,					0,					0,					0,
				0,					1,					0,					0,
				0,					0,					1,					0,
				0,					0.006,					-0.003,					1
			]
			,"mesh": 96
			,"name": "MirrorRAIL 2-1"		}
,
		{
			"matrix": [
				-4.64906e-16,					-1,					8.62288e-16,					0,
				1,					-4.64906e-16,					-1.02633e-15,					0,
				1.02633e-15,					8.62288e-16,					1,					0,
				0.017,					-0.046,					-1.0598,					1
			]
			,"mesh": 97
			,"name": "MirrorRAIL 3-1"		}
,
		{
			"matrix": [
				-5.72216e-16,					-5.55112e-17,					-1,					0,
				1.86656e-15,					1,					-5.55112e-17,					0,
				1,					-1.86656e-15,					-5.72216e-16,					0,
				-0.002,					-0.047,					-1.0258,					1
			]
			,"mesh": 98
			,"name": "MirrorRAIL 4-1"		}
,
		{
			"matrix": [
				1,					0,					0,					0,
				0,					1,					0,					0,
				0,					0,					1,					0,
				-0.0365,					-0.047,					-1.0258,					1
			]
			,"mesh": 99
			,"name": "hex structural bolt gradec short_iso-1"		}
,
		{
			"matrix": [
				-5.72216e-16,					-5.55112e-17,					-1,					0,
				1.86656e-15,					1,					-5.55112e-17,					0,
				1,					-1.86656e-15,					-5.72216e-16,					0,
				0.019,					-0.047,					-1.0258,					1
			]
			,"mesh": 100
			,"name": "hex nut gradec_iso-1"		}
,
		{
			"matrix": [
				1,					0,					0,					0,
				0,					1,					0,					0,
				0,					0,					1,					0,
				-0.495,					1.0337,					-1.183,					1
			]
			,"mesh": 101
			,"name": "FRAME-2"		}
,
		{
			"children": [
				113, 114, 115, 116, 117, 118, 119, 120, 121
			]
			,"matrix": [
				-5.72216e-16,					1.86656e-15,					1,					0,
				-5.55112e-17,					1,					-1.86656e-15,					0,
				-1,					-5.55112e-17,					-5.72216e-16,					0,
				-0.5324,					-0.0044953,					-1.1731,					1
			]
			,"name": "MirrorASSY RAIL1-8"		}
,
		{
			"matrix": [
				1,					0,					0,					0,
				0,					1,					0,					0,
				0,					0,					1,					0,
				0,					0.006,					-0.003,					1
			]
			,"mesh": 102
			,"name": "MirrorRAIL 2-1"		}
,
		{
			"matrix": [
				1,					-6.28692e-17,					-1.46021e-16,					0,
				-6.28692e-17,					-1,					-5.55112e-17,					0,
				-1.46021e-16,					5.55112e-17,					-1,					0,
				4.44089e-16,					0.002,					-1.0618,					1
			]
			,"mesh": 103
			,"name": "MirrorRAIL 2-2"		}
,
		{
			"matrix": [
				-5.72216e-16,					-5.55112e-17,					-1,					0,
				1.86656e-15,					1,					-5.55112e-17,					0,
				1,					-1.86656e-15,					-5.72216e-16,					0,
				-0.002,					-0.047,					-1.0258,					1
			]
			,"mesh": 104
			,"name": "MirrorRAIL 4-1"		}
,
		{
			"mesh": 105
			,"name": "MirrorRAIL 1-1"		}
,
		{
			"matrix": [
				-4.64906e-16,					-1,					8.62288e-16,					0,
				1,					-4.64906e-16,					-1.02633e-15,					0,
				1.02633e-15,					8.62288e-16,					1,					0,
				0.017,					-0.046,					-1.0598,					1
			]
			,"mesh": 106
			,"name": "MirrorRAIL 3-1"		}
,
		{
			"matrix": [
				1,					3.71898e-15,					2.82188e-16,					0,
				-1.49284e-15,					0.468448,					-0.883491,					0,
				-3.41788e-15,					0.883491,					0.468448,					0,
				-0.002,					-0.047,					-1.0258,					1
			]
			,"mesh": 107
			,"name": "plain washer normal grade c_iso-1"		}
,
		{
			"matrix": [
				-5.72216e-16,					-5.55112e-17,					-1,					0,
				1.86656e-15,					1,					-5.55112e-17,					0,
				1,					-1.86656e-15,					-5.72216e-16,					0,
				0.019,					-0.047,					-1.0258,					1
			]
			,"mesh": 108
			,"name": "hex nut gradec_iso-1"		}
,
		{
			"matrix": [
				1,					0,					0,					0,
				0,					1,					0,					0,
				0,					0,					1,					0,
				-0.0365,					-0.047,					-1.0258,					1
			]
			,"mesh": 109
			,"name": "hex structural bolt gradec short_iso-1"		}
,
		{
			"matrix": [
				1,					3.61719e-15,					2.14104e-16,					0,
				-2.57951e-15,					0.752134,					-0.65901,					0,
				-2.5448e-15,					0.65901,					0.752134,					0,
				-0.0145,					-0.047,					-1.0258,					1
			]
			,"mesh": 110
			,"name": "radial ball bearing_68_iso-1"		}
,
		{
			"children": [
				123, 124, 125, 126, 127, 128, 129, 130, 131
			]
			,"matrix": [
				-5.72216e-16,					1.86656e-15,					1,					0,
				-5.55112e-17,					1,					-1.86656e-15,					0,
				-1,					-5.55112e-17,					-5.72216e-16,					0,
				-0.5324,					-0.0044953,					-2.2731,					1
			]
			,"name": "MirrorASSY RAIL2-8"		}
,
		{
			"matrix": [
				1,					3.61719e-15,					2.14104e-16,					0,
				-2.57951e-15,					0.752134,					-0.65901,					0,
				-2.5448e-15,					0.65901,					0.752134,					0,
				-0.0145,					-0.047,					-1.0258,					1
			]
			,"mesh": 111
			,"name": "radial ball bearing_68_iso-1"		}
,
		{
			"matrix": [
				1,					0,					0,					0,
				0,					1,					0,					0,
				0,					0,					1,					0,
				0,					0.006,					-0.003,					1
			]
			,"mesh": 112
			,"name": "MirrorRAIL 2-1"		}
,
		{
			"matrix": [
				1,					0,					0,					0,
				0,					1,					0,					0,
				0,					0,					1,					0,
				-0.0365,					-0.047,					-1.0258,					1
			]
			,"mesh": 113
			,"name": "hex structural bolt gradec short_iso-1"		}
,
		{
			"mesh": 114
			,"name": "MirrorRAIL 1-1"		}
,
		{
			"matrix": [
				-4.64906e-16,					-1,					8.62288e-16,					0,
				1,					-4.64906e-16,					-1.02633e-15,					0,
				1.02633e-15,					8.62288e-16,					1,					0,
				0.017,					-0.046,					-1.0598,					1
			]
			,"mesh": 115
			,"name": "MirrorRAIL 3-1"		}
,
		{
			"matrix": [
				-5.72216e-16,					-5.55112e-17,					-1,					0,
				1.86656e-15,					1,					-5.55112e-17,					0,
				1,					-1.86656e-15,					-5.72216e-16,					0,
				-0.002,					-0.047,					-1.0258,					1
			]
			,"mesh": 116
			,"name": "MirrorRAIL 4-1"		}
,
		{
			"matrix": [
				1,					-6.28692e-17,					-1.46021e-16,					0,
				-6.28692e-17,					-1,					-5.55112e-17,					0,
				-1.46021e-16,					5.55112e-17,					-1,					0,
				0,					0.002,					-1.0618,					1
			]
			,"mesh": 117
			,"name": "MirrorRAIL 2-2"		}
,
		{
			"matrix": [
				1,					3.71898e-15,					2.82188e-16,					0,
				-1.49284e-15,					0.468448,					-0.883491,					0,
				-3.41788e-15,					0.883491,					0.468448,					0,
				-0.002,					-0.047,					-1.0258,					1
			]
			,"mesh": 118
			,"name": "plain washer normal grade c_iso-1"		}
,
		{
			"matrix": [
				-5.72216e-16,					-5.55112e-17,					-1,					0,
				1.86656e-15,					1,					-5.55112e-17,					0,
				1,					-1.86656e-15,					-5.72216e-16,					0,
				0.019,					-0.047,					-1.0258,					1
			]
			,"mesh": 119
			,"name": "hex nut gradec_iso-1"		}
,
		{
			"children": [
				133, 134, 135, 136, 137, 138, 139, 140, 141
			]
			,"matrix": [
				1.56277e-16,					1.86656e-15,					-1,					0,
				-5.55112e-17,					1,					1.86656e-15,					0,
				1,					5.55112e-17,					1.56277e-16,					0,
				-0.5324,					-0.918895,					-3.2269,					1
			]
			,"name": "ASSY RAIL-8"		}
,
		{
			"mesh": 120
			,"name": "RAIL 1-1"		}
,
		{
			"matrix": [
				1.56277e-16,					-5.55112e-17,					1,					0,
				1.86656e-15,					1,					5.55112e-17,					0,
				-1,					1.86656e-15,					1.56277e-16,					0,
				1.02141e-14,					-0.047,					1.0258,					1
			]
			,"mesh": 121
			,"name": "hex nut gradec_iso-1"		}
,
		{
			"matrix": [
				1,					0,					0,					0,
				0,					1,					0,					0,
				0,					0,					1,					0,
				-0.0365,					-0.047,					1.0258,					1
			]
			,"mesh": 122
			,"name": "hex structural bolt gradec short_iso-4"		}
,
		{
			"matrix": [
				1,					3.61719e-15,					-2.14104e-16,					0,
				-2.57951e-15,					0.752134,					0.65901,					0,
				2.5448e-15,					-0.65901,					0.752134,					0,
				-0.0145,					-0.047,					1.0258,					1
			]
			,"mesh": 123
			,"name": "radial ball bearing_68_iso-2"		}
,
		{
			"matrix": [
				1,					0,					0,					0,
				0,					1,					0,					0,
				0,					0,					1,					0,
				0,					0.006,					0.003,					1
			]
			,"mesh": 124
			,"name": "RAIL 2-1"		}
,
		{
			"matrix": [
				1.56277e-16,					-5.55112e-17,					1,					0,
				1.86656e-15,					1,					5.55112e-17,					0,
				-1,					1.86656e-15,					1.56277e-16,					0,
				-0.002,					-0.047,					1.0258,					1
			]
			,"mesh": 125
			,"name": "RAIL 4-1"		}
,
		{
			"matrix": [
				1,					3.71898e-15,					-2.82188e-16,					0,
				-1.49284e-15,					0.468448,					0.883491,					0,
				3.41788e-15,					-0.883491,					0.468448,					0,
				-0.002,					-0.047,					1.0258,					1
			]
			,"mesh": 126
			,"name": "plain washer normal grade c_iso-1"		}
,
		{
			"matrix": [
				1,					-6.28692e-17,					-1.46021e-16,					0,
				-6.28692e-17,					-1,					-5.55112e-17,					0,
				-1.46021e-16,					5.55112e-17,					-1,					0,
				0,					0.002,					1.0618,					1
			]
			,"mesh": 127
			,"name": "RAIL 2-2"		}
,
		{
			"matrix": [
				-4.64906e-16,					-1,					8.62288e-16,					0,
				1,					-4.64906e-16,					-1.02633e-15,					0,
				1.02633e-15,					8.62288e-16,					1,					0,
				0.017,					-0.046,					1.0598,					1
			]
			,"mesh": 128
			,"name": "RAIL 3-1"		}
,
		{
			"children": [
				143, 144, 145, 146, 147, 148, 149, 150, 151
			]
			,"matrix": [
				1.56277e-16,					1.86656e-15,					-1,					0,
				-5.55112e-17,					1,					1.86656e-15,					0,
				1,					5.55112e-17,					1.56277e-16,					0,
				-0.5324,					-0.918895,					-1.0269,					1
			]
			,"name": "ASSY RAIL-10"		}
,
		{
			"mesh": 129
			,"name": "RAIL 1-1"		}
,
		{
			"matrix": [
				1.56277e-16,					-5.55112e-17,					1,					0,
				1.86656e-15,					1,					5.55112e-17,					0,
				-1,					1.86656e-15,					1.56277e-16,					0,
				1.02141e-14,					-0.047,					1.0258,					1
			]
			,"mesh": 130
			,"name": "hex nut gradec_iso-1"		}
,
		{
			"matrix": [
				1,					0,					0,					0,
				0,					1,					0,					0,
				0,					0,					1,					0,
				-0.0365,					-0.047,					1.0258,					1
			]
			,"mesh": 131
			,"name": "hex structural bolt gradec short_iso-4"		}
,
		{
			"matrix": [
				1,					3.61719e-15,					-2.14104e-16,					0,
				-2.57951e-15,					0.752134,					0.65901,					0,
				2.5448e-15,					-0.65901,					0.752134,					0,
				-0.0145,					-0.047,					1.0258,					1
			]
			,"mesh": 132
			,"name": "radial ball bearing_68_iso-2"		}
,
		{
			"matrix": [
				1,					0,					0,					0,
				0,					1,					0,					0,
				0,					0,					1,					0,
				0,					0.006,					0.003,					1
			]
			,"mesh": 133
			,"name": "RAIL 2-1"		}
,
		{
			"matrix": [
				1.56277e-16,					-5.55112e-17,					1,					0,
				1.86656e-15,					1,					5.55112e-17,					0,
				-1,					1.86656e-15,					1.56277e-16,					0,
				-0.002,					-0.047,					1.0258,					1
			]
			,"mesh": 134
			,"name": "RAIL 4-1"		}
,
		{
			"matrix": [
				1,					3.71898e-15,					-2.82188e-16,					0,
				-1.49284e-15,					0.468448,					0.883491,					0,
				3.41788e-15,					-0.883491,					0.468448,					0,
				-0.002,					-0.047,					1.0258,					1
			]
			,"mesh": 135
			,"name": "plain washer normal grade c_iso-1"		}
,
		{
			"matrix": [
				1,					-6.28692e-17,					-1.46021e-16,					0,
				-6.28692e-17,					-1,					-5.55112e-17,					0,
				-1.46021e-16,					5.55112e-17,					-1,					0,
				0,					0.002,					1.0618,					1
			]
			,"mesh": 136
			,"name": "RAIL 2-2"		}
,
		{
			"matrix": [
				-4.64906e-16,					-1,					8.62288e-16,					0,
				1,					-4.64906e-16,					-1.02633e-15,					0,
				1.02633e-15,					8.62288e-16,					1,					0,
				0.017,					-0.046,					1.0598,					1
			]
			,"mesh": 137
			,"name": "RAIL 3-1"		}
,
		{
			"matrix": [
				1.68158e-16,					-1.62565e-16,					1,					0,
				0.220057,					0.975487,					1.21575e-16,					0,
				-0.975487,					0.220057,					1.9981e-16,					0,
				-0.4166,					0.0285047,					-2.1415,					1
			]
			,"mesh": 138
			,"name": "angular contact ball bearing_68_din-5"		}
,
		{
			"matrix": [
				1.68158e-16,					-1.62565e-16,					1,					0,
				0.220057,					0.975487,					1.21575e-16,					0,
				-0.975487,					0.220057,					1.9981e-16,					0,
				-0.4166,					0.0285047,					-3.2415,					1
			]
			,"mesh": 139
			,"name": "angular contact ball bearing_68_din-7"		}
,
		{
			"matrix": [
				5.17512e-17,					6.63776e-15,					-1,					0,
				-1.73987e-16,					1,					6.63776e-15,					0,
				1,					1.73987e-16,					5.17512e-17,					0,
				-0.5414,					-0.888895,					-0.5485,					1
			]
			,"mesh": 140
			,"name": "PISTON HOLDER-6"		}
,
		{
			"matrix": [
				5.17512e-17,					6.63776e-15,					-1,					0,
				-1.73987e-16,					1,					6.63776e-15,					0,
				1,					1.73987e-16,					5.17512e-17,					0,
				-0.5414,					-0.888895,					-2.7485,					1
			]
			,"mesh": 141
			,"name": "PISTON HOLDER-2"		}
,
		{
			"matrix": [
				5.17512e-17,					6.63776e-15,					-1,					0,
				-1.73987e-16,					1,					6.63776e-15,					0,
				1,					1.73987e-16,					5.17512e-17,					0,
				-0.5414,					0.0275047,					-0.55,					1
			]
			,"mesh": 142
			,"name": "PISTON HOLDER-5"		}
,
		{
			"matrix": [
